cam_model: Pinhole
cam_width: 640
cam_height: 480
cam_fx: 617.971050917033
cam_fy: 616.445131524790
cam_cx: 327.710279392468
cam_cy: 253.976983707814
cam_d0: 0.148000794688248
cam_d1: -0.217835187249065
cam_d2: 0.0
cam_d3: 0.0