cam_model: Pinhole
cam_width: 640
cam_height: 480
cam_fx: 603.95556640625
cam_fy: 603.1257934570312
cam_cx: 324.0858154296875
cam_cy: 232.72303771972656
cam_d0: 0.0
cam_d1: 0.0
cam_d2: 0.0
cam_d3: 0.0